0 0
2 0
4 0
6 0
8 0
10 1.44163E-07
12 1.29746E-06
14 3.02742E-06
16 5.18986E-06
18 8.07311E-06
20 1.19655E-05
22 1.64345E-05
24 2.13361E-05
26 2.52573E-05
28 2.94092E-05
30 3.56082E-05
32 4.13747E-05
35 4.74295E-05
37 5.4061E-05
39 6.1125E-05
41 6.87368E-05
43 7.65504E-05
45 8.28935E-05
47 8.96692E-05
49 9.60123E-05
51 0.000102788
53 0.000109852
55 0.000117925
57 0.000126142
59 0.00013436
61 0.000142865
63 0.000151659
65 0.000154658
67 0.000157281
69 0.000165499
71 0.000173716
74 0.000182077
76 0.000190006
78 0.000197791
80 0.000211515
82 0.000225615
84 0.000233111
86 0.000240608
88 0.000247816
90 0.000255456
92 0.000262664
94 0.000269296
96 0.000275783
98 0.000274024
100 0.000271112
102 0.000277455
104 0.000284087
107 0.000291151
109 0.000298071
111 0.000304558
113 0.000320012
115 0.000336332
117 0.000342819
119 0.000348585
121 0.000354208
123 0.000360118
125 0.000365741
127 0.000371219
129 0.000375832
131 0.000370066
133 0.000364299
135 0.000369921
137 0.000374679
140 0.000380157
142 0.000384914
144 0.000390248
146 0.000405674
148 0.000421676
150 0.000426433
152 0.000431191
154 0.000434939
156 0.000439264
158 0.000444021
160 0.000449355
162 0.000454112
164 0.000445405
166 0.000436726
168 0.000442205
170 0.000446674
173 0.000450566
175 0.000454458
177 0.000458062
179 0.000474843
181 0.000491595
183 0.000495199
185 0.000498803
187 0.000502551
189 0.000506299
191 0.000510192
193 0.00051394
195 0.000502839
197 0.000490932
199 0.000494247
201 0.000497563
204 0.000500879
206 0.000503762
208 0.000506501
210 0.000524089
212 0.000542052
214 0.000544791
216 0.00054753
218 0.000550125
220 0.000553585
222 0.000556468
224 0.000559351
226 0.000562379
228 0.000549375
230 0.00053591
232 0.000538938
234 0.0005411
237 0.000543983
239 0.000546434
241 0.000548453
243 0.000566358
245 0.000584724
247 0.000586021
249 0.000588184
251 0.00058977
253 0.000591067
255 0.000592653
257 0.000594959
259 0.000596689
261 0.000581235
263 0.000565493
265 0.000567078
267 0.000569097
270 0.00057025
272 0.000571403
274 0.000572412
276 0.000591326
278 0.000609664
280 0.000610673
282 0.000611538
284 0.000613124
286 0.000614133
288 0.00061543
290 0.000616584
292 0.000617593
294 0.000618746
296 0.0006199
298 0.000620476
300 0.000603523
302 0.00058654
304 0.000586973
306 0.000587549
309 0.000588559
311 0.000589568
313 0.000590577
315 0.00060926
317 0.000627828
319 0.000628405
321 0.000628982
323 0.000628982
325 0.000628982
327 0.000629558
329 0.000629991
331 0.000630423
333 0.000612922
335 0.000595421
337 0.000595997
339 0.000596718
342 0.000596718
344 0.000596718
346 0.000596718
348 0.000614796
350 0.000632874
352 0.000632874
354 0.00063273
356 0.00063273
358 0.000632586
360 0.000632586
362 0.000632586
364 0.000632442
366 0.000614364
368 0.000595824
370 0.000595248
372 0.000594815
375 0.000594239
377 0.000593662
379 0.000593229
381 0.000610731
383 0.000628693
385 0.000628693
387 0.000628693
389 0.000628693
391 0.000628693
393 0.000628117
395 0.00062754
397 0.000609116
399 0.000590692
401 0.000590116
403 0.000589539
406 0.00058853
408 0.000588097
410 0.000587521
412 0.000604791
414 0.000622062
416 0.000621629
418 0.000621197
420 0.000621053
422 0.000620476
424 0.000620044
426 0.000619611
428 0.000619179
430 0.000600495
432 0.000581812
434 0.000580803
436 0.000580226
439 0.000579649
441 0.00057864
443 0.000577631
445 0.000594729
447 0.000611538
449 0.000610529
451 0.00060952
453 0.000608511
455 0.000607357
457 0.000606204
459 0.000605051
461 0.000604186
463 0.000585935
465 0.000567684
467 0.000566531
469 0.000565954
472 0.000564656
474 0.000563359
476 0.00056235
478 0.000579015
480 0.000594959
482 0.000593806
484 0.000592509
486 0.000592076
488 0.000591067
490 0.00058977
492 0.000588472
494 0.000570682
496 0.000552893
498 0.000551884
500 0.00055073
503 0.000549721
505 0.000548856
507 0.000547415
509 0.000563186
511 0.000578957
513 0.000578092
515 0.000576795
517 0.000575353
519 0.000573623
521 0.00057247
523 0.00057074
525 0.00056901
527 0.000551163
529 0.000533171
531 0.00053173
533 0.000530432
536 0.000528702
538 0.000526972
540 0.000525242
542 0.00053963
544 0.000554594
546 0.000552864
548 0.000551134
550 0.000549836
552 0.000548683
554 0.00054753
556 0.000545944
558 0.000544358
560 0.000527924
562 0.000511489
564 0.000510048
566 0.000509038
569 0.000507453
571 0.000506299
573 0.000505146
575 0.00051913
577 0.000533114
579 0.000531384
581 0.000529654
583 0.0005285
585 0.00052677
587 0.00052504
589 0.000523887
591 0.000507366
593 0.000491335
595 0.000489605
597 0.000487875
600 0.000486722
602 0.000484992
604 0.000483118
606 0.000496323
608 0.000509471
610 0.000508318
612 0.000506876
614 0.00050529
616 0.000503849
618 0.000502407
620 0.000501254
622 0.000499668
624 0.000483983
626 0.00046824
628 0.000466655
630 0.000465069
633 0.000463483
635 0.000461897
637 0.000460311
639 0.000473113
641 0.000485972
643 0.000484387
645 0.000483233
647 0.000481648
649 0.000480062
651 0.000479197
653 0.000477323
655 0.000475737
657 0.000460773
659 0.000445809
661 0.000444511
663 0.000442781
666 0.000441051
668 0.000439321
670 0.000437159
672 0.000448951
674 0.0004606
676 0.000459014
678 0.000457428
680 0.000455842
682 0.000454401
684 0.000453392
686 0.000451806
688 0.00043762
690 0.000423435
692 0.000421849
694 0.000419686
697 0.000418389
699 0.000416659
701 0.000415073
703 0.000426231
705 0.000436813
707 0.000435227
709 0.000433641
711 0.000431767
713 0.000430326
715 0.000429172
717 0.000427442
719 0.000426289
721 0.000412709
723 0.00039959
725 0.000398437
727 0.000396707
730 0.000394977
732 0.000393391
734 0.000391805
736 0.000402214
738 0.000412738
740 0.000411296
742 0.00040971
744 0.000408125
746 0.000406683
748 0.000405241
750 0.000404232
752 0.000402646
754 0.000389701
756 0.000376899
758 0.000375313
760 0.000374016
763 0.000372718
765 0.000370988
767 0.000369402
769 0.000379177
771 0.000388807
773 0.000387365
775 0.000385779
777 0.000383761
779 0.000382175
781 0.000381022
783 0.000379436
785 0.00036773
787 0.00035588
789 0.000354294
791 0.000353141
794 0.000351411
796 0.000349825
798 0.000348239
800 0.000357495
802 0.00036675
804 0.000365741
806 0.000364155
808 0.000362713
810 0.000361128
812 0.000359398
814 0.000357668
816 0.000355938
818 0.000343713
820 0.00033218
822 0.000330882
824 0.000329152
827 0.000327999
829 0.000326269
831 0.000324683
833 0.000333737
835 0.000342675
837 0.000341089
839 0.000339936
841 0.000338206
843 0.000336908
845 0.000335178
847 0.000333448
849 0.000331718
851 0.00032131
853 0.00031044
855 0.000309431
857 0.000308133
860 0.000307124
862 0.000306115
864 0.000304673
866 0.000312631
868 0.000320329
870 0.000318744
872 0.00031759
874 0.000316437
876 0.00031514
878 0.000313986
880 0.000312545
882 0.000302886
884 0.000293227
886 0.000291641
888 0.000290055
891 0.000288614
893 0.000287028
895 0.00028573
897 0.000293371
899 0.000300579
901 0.00029957
903 0.000298273
905 0.000296543
907 0.000295245
909 0.000293948
911 0.000292218
913 0.00029092
915 0.00028155
917 0.000272237
919 0.000271084
921 0.000270219
924 0.000268777
926 0.000267768
928 0.000266182
930 0.000272813
932 0.000279676
934 0.000278811
936 0.000277225
938 0.000276216
940 0.000275207
942 0.000274197
944 0.000273044
946 0.000272035
948 0.000263097
950 0.000254476
952 0.000253467
954 0.000252025
957 0.000251016
959 0.000250295
961 0.000248709
963 0.000255053
965 0.000261511
967 0.000260358
969 0.00025906
971 0.000257907
973 0.00025661
975 0.0002556
977 0.000254591
979 0.000246403
981 0.000237753
983 0.000236744
985 0.000235735
988 0.000234726
990 0.000233572
992 0.000231987
994 0.00023758
996 0.000243635
998 0.000242626
1000 0.000241617
1002 0.000239887
1004 0.000238878
1006 0.00023758
1008 0.000236427
1010 0.000235273
1012 0.000226912
1014 0.000218551
1016 0.000217397
1018 0.000215812
1021 0.000214802
1023 0.000213793
1025 0.00021264
1027 0.000218839
1029 0.000224461
1031 0.000223596
1033 0.00022302
1035 0.000222587
1037 0.00022129
1039 0.000220136
1041 0.000218839
1043 0.000218118
1045 0.000210881
1047 0.000203644
1049 0.000202058
1051 0.000201193
1054 0.000200328
1056 0.000199319
1058 0.00019831
1060 0.000203673
1062 0.000208603
1064 0.000207594
1066 0.000206585
1068 0.000205576
1070 0.000204711
1072 0.000203846
1074 0.000202549
1076 0.000196004
1078 0.000189747
1080 0.00018917
1082 0.000187873
1085 0.000186575
1087 0.000185278
1089 0.00018398
1091 0.000188507
1093 0.000193034
1095 0.000191881
1097 0.000191016
1099 0.000190006
1101 0.000188997
1103 0.000187844
1105 0.000186547
1107 0.000185249
1109 0.000178762
1111 0.000172707
1113 0.000171554
1115 0.0001704
1118 0.000169968
1120 0.000169535
1122 0.000169103
1124 0.000173428
1126 0.000177753
1128 0.00017732
1130 0.000176888
1132 0.000176311
1134 0.000175302
1136 0.000174293
1138 0.000173716
1140 0.000172707
1142 0.000166767
1144 0.000160943
1146 0.000160078
1148 0.000159069
1151 0.00015806
1153 0.000157051
1155 0.000156474
1157 0.000160828
1159 0.000165066
1161 0.000163913
1163 0.000163336
1165 0.000162616
1167 0.000161462
1169 0.000160309
1171 0.000159156
1173 0.000153187
1175 0.000147796
1177 0.000146786
1179 0.000145921
1182 0.000145489
1184 0.000144336
1186 0.000143182
1188 0.000146412
1190 0.000149641
1192 0.000148488
1194 0.000146902
1196 0.000145172
1198 0.000144163
1200 0.000143154
1202 0.000142433
1204 0.000141135
1206 0.000135945
1208 0.000131188
1210 0.000130467
1212 0.000129746
1215 0.000128593
1217 0.000127728
1219 0.00012744
1221 0.000131044
1223 0.000134215
1225 0.000133495
1227 0.000132774
1229 0.000132486
1231 0.000132053
1233 0.0001309
1235 0.000129746
1237 0.000125422
1239 0.000121097
1241 0.000120232
1243 0.000118934
1246 0.000117637
1248 0.000117204
1250 0.000116628
1252 0.000119655
1254 0.000122682
1256 0.000121673
1258 0.000121241
1260 0.000120664
1262 0.000119943
1264 0.000119511
1266 0.000119078
1268 0.000117925
1270 0.00011409
1272 0.000110111
1274 0.000109535
1276 0.000108526
1279 0.000107228
1281 0.000105931
1283 0.000105354
1285 0.00010818
1287 0.000111005
1289 0.000110429
1291 0.000109996
1293 0.000109564
1295 0.000109131
1297 0.000108699
1299 0.000108122
1301 0.000107545
1303 0.000103595
1305 9.99336E-05
1307 9.93569E-05
1309 9.87803E-05
1312 9.82036E-05
1314 9.7627E-05
1316 9.64737E-05
1318 9.88379E-05
1320 0.000101346
1322 0.00010077
1324 0.000100193
1326 9.91839E-05
1328 9.81748E-05
1330 9.77423E-05
1332 9.73098E-05
1334 9.67332E-05
1336 9.35616E-05
1338 9.039E-05
1340 9.039E-05
1342 8.98133E-05
1345 8.93809E-05
1347 8.1516E-05
1349 7.3587E-05
1351 7.5317E-05
1353 7.70469E-05
1360 7.60378E-05
1362 7.56053E-05
1364 7.4452E-05
1366 8.08753E-05
1368 8.73626E-05
1370 8.67859E-05
1372 8.62093E-05
1374 8.56326E-05
1376 8.5056E-05
1378 8.5056E-05
1380 8.5056E-05
1382 8.5056E-05
1384 8.46235E-05
1386 8.4191E-05
1388 8.14231E-05
1390 7.85398E-05
1392 7.81073E-05
1394 7.75307E-05
1397 7.63774E-05
1399 7.58007E-05
1401 7.52241E-05
1403 7.68387E-05
1405 7.85687E-05
1407 7.78478E-05
1409 7.72712E-05
1411 7.7127E-05
1413 7.65504E-05
1415 7.59737E-05
1417 7.55412E-05
1419 7.51088E-05
1421 7.25715E-05
1423 6.98901E-05
1425 6.94576E-05
1427 6.87368E-05
1430 6.8016E-05
1432 6.74393E-05
1434 6.67185E-05
1436 6.81025E-05
1438 6.94864E-05
1440 6.89098E-05
1442 6.89098E-05
1444 6.90539E-05
1446 6.86214E-05
1448 6.81889E-05
1450 6.77565E-05
1452 6.7324E-05
1454 6.48732E-05
1456 6.25666E-05
1458 6.199E-05
1460 6.14133E-05
1463 6.09808E-05
1465 6.05483E-05
1467 5.98275E-05
1469 6.12691E-05
1471 6.27108E-05
1473 6.22783E-05
1475 6.22783E-05
1477 6.17016E-05
1479 6.09808E-05
1481 6.05483E-05
1483 5.98275E-05
1485 5.91067E-05
1487 5.67424E-05
1489 5.43782E-05
1491 5.4234E-05
1493 5.4234E-05
1496 5.4234E-05
1498 5.4234E-05
1500 5.38015E-05
1502 5.50125E-05
1504 5.60793E-05
1506 5.55026E-05
1508 5.4926E-05
1510 5.43493E-05
1512 5.37727E-05
1514 5.36285E-05
1516 5.29077E-05
1518 5.23311E-05
1520 5.03416E-05
1522 4.83522E-05
1524 4.77755E-05
1526 4.71989E-05
1529 4.69105E-05
1531 4.69105E-05
1533 4.6478E-05
1535 4.74584E-05
1537 4.84387E-05
1539 4.80062E-05
1541 4.77178E-05
1543 4.71412E-05
1545 4.67087E-05
1547 4.68529E-05
1549 4.6997E-05
1551 4.56707E-05
1553 4.43444E-05
1555 4.42003E-05
1557 4.36236E-05
1560 4.31911E-05
1562 4.26145E-05
1564 4.20378E-05
1566 4.29316E-05
1568 4.38255E-05
1570 4.3393E-05
1572 4.3393E-05
1574 4.3393E-05
1576 4.32488E-05
1578 4.28163E-05
1580 4.23838E-05
1582 4.19513E-05
1584 4.03656E-05
1586 3.87798E-05
1588 3.83473E-05
1590 3.77706E-05
1593 3.74823E-05
1595 3.74823E-05
1597 3.67615E-05
1599 3.7194E-05
1601 3.76265E-05
1603 3.69056E-05
1605 3.64732E-05
1607 3.60407E-05
1609 3.53199E-05
1611 3.53199E-05
1613 3.53199E-05
1615 3.43107E-05
1617 3.33016E-05
1619 3.33016E-05
1621 3.34457E-05
1624 3.33016E-05
1626 3.28691E-05
1628 3.24366E-05
1630 3.28691E-05
1632 3.34457E-05
1634 3.30133E-05
1636 3.22924E-05
1638 3.20041E-05
1640 3.186E-05
1642 3.186E-05
1644 3.20041E-05
1646 3.20041E-05
1648 3.10815E-05
1650 2.97263E-05
1652 2.90055E-05
1654 2.84289E-05
1657 2.77081E-05
1659 2.68431E-05
1661 2.61223E-05
1663 2.63241E-05
1665 2.71026E-05
1667 2.71026E-05
1669 2.69584E-05
1671 2.69584E-05
1673 2.65259E-05
1675 2.60934E-05
1677 2.55168E-05
1679 2.49401E-05
1681 2.37003E-05
1683 2.26047E-05
1685 2.20281E-05
1687 2.20281E-05
1690 2.20281E-05
1692 2.20281E-05
1694 2.20281E-05
1696 2.26912E-05
1698 2.34985E-05
1700 2.36427E-05
1702 2.36427E-05
1704 2.34985E-05
1706 2.36427E-05
1708 2.3066E-05
1710 2.26335E-05
1712 2.19127E-05
1714 2.07594E-05
1716 1.97503E-05
1718 1.93178E-05
1720 1.87411E-05
1723 1.88853E-05
1725 1.88853E-05
1727 1.90295E-05
1729 1.96061E-05
1731 2.01828E-05
1733 2.01828E-05
1735 1.93178E-05
1737 1.8597E-05
1739 1.78762E-05
1741 1.71554E-05
1743 1.64345E-05
1745 1.51659E-05
1747 1.38973E-05
1749 1.38973E-05
1751 1.37531E-05
1754 1.37531E-05
1756 1.37531E-05
1758 1.37531E-05
1760 1.43009E-05
1762 1.47046E-05
1764 1.48488E-05
1766 1.48488E-05
1768 1.48488E-05
1770 1.48488E-05
1772 1.47046E-05
1774 1.45604E-05
1776 1.41279E-05
1778 1.32341E-05
1780 1.25998E-05
1782 1.20232E-05
1784 1.14465E-05
1787 1.1014E-05
1789 1.05815E-05
1791 1.05815E-05
1793 1.08987E-05
1795 1.12447E-05
1797 1.12447E-05
1799 1.12447E-05
1801 1.12447E-05
1803 1.13889E-05
1805 1.13889E-05
1807 1.13889E-05
1809 1.08122E-05
1811 1.01491E-05
1813 9.60123E-06
1815 9.16875E-06
1817 8.73626E-06
1820 8.44793E-06
1822 8.15961E-06
1824 8.30377E-06
1826 8.53443E-06
1828 8.64976E-06
1830 8.64976E-06
1832 8.64976E-06
1834 8.64976E-06
1836 8.5056E-06
1838 8.36144E-06
1840 8.36144E-06
1842 8.13078E-06
1844 7.90011E-06
1846 7.90011E-06
1848 7.75595E-06
1851 7.75595E-06
1853 7.75595E-06
1855 7.75595E-06
1857 7.98661E-06
1859 7.64062E-06
1861 6.77565E-06
1863 6.199E-06
1865 5.62234E-06
1867 4.90153E-06
1869 4.18072E-06
1871 3.4599E-06
1873 3.31574E-06
1875 3.22924E-06
1877 3.11391E-06
1879 2.96975E-06
1881 3.11391E-06
1884 3.25808E-06
1886 3.25808E-06
1888 3.40224E-06
1890 3.48874E-06
1892 3.4599E-06
1894 3.4599E-06
1896 3.4599E-06
1898 2.88325E-06
1900 2.45077E-06
1902 1.87411E-06
1904 1.44163E-06
1906 1.00914E-06
1908 6.91981E-07
1910 1.1533E-07
1912 2.59493E-07
1915 2.59493E-07
1917 2.59493E-07
1919 4.03656E-07
1921 4.03656E-07
1923 2.88325E-07
1925 2.88325E-07
1927 2.88325E-07
1929 4.32488E-07
1931 5.76651E-07
1933 5.76651E-07
1935 8.64976E-07
1937 1.00914E-06
1939 1.12447E-06
1941 1.09564E-06
1943 9.51474E-07
1945 8.07311E-07
1948 6.63148E-07
1950 3.74823E-07
1952 2.3066E-07
1954 1.1533E-07
1956 0
1958 0
1960 0
1962 0
1964 0
1966 0
1968 0
1970 0
1972 0
1974 0
1976 0
1978 0
1981 0
1983 0
1985 0
1987 0
1989 0
1991 0
1993 0
1995 0
1997 0
1999 0
2001 0
2003 0
2005 0
2007 0
2009 0
2011 0
2014 0
2016 0
2018 0
2020 0
2022 0
2024 0
2026 0
2028 0
2030 0
2032 0
2034 0
2036 0
2038 0
2040 0
2042 0
2045 0
2047 0
2049 0
2051 0
2053 0
2055 0
2057 0
2059 0
2061 0
2063 0
2065 0
2067 0
2069 0
2071 0
2073 0
2075 0
2078 0
2080 0
2082 0
2084 0
2086 0
2088 0
2090 0
2092 0
2094 0
2096 0
2098 0
2100 0
2102 0
2104 0
2106 0
2108 0
2111 0
2113 0
2115 0
2117 0
2119 0
2121 0
2123 0
2125 0
2127 0
2129 0
2131 0
2133 0
2135 0
2137 0
2139 0
2142 0
2144 0
2146 0
2148 0
2150 0
2152 0
2154 0
2156 0
2158 0
2160 0
2162 0
2164 0
2166 0
2168 0
2170 0
2172 0
2175 0
2177 0
2179 0
2181 0
2183 0
2185 0
2187 0
2189 0
2191 0
2193 0
2195 0
2197 0
2199 0
2201 0
2203 0
2205 0
2208 0
2210 0
2212 0
2214 0
2216 0
2218 0
2220 0
2222 0
2224 0
2226 0
2228 0
2230 0
2232 0
2234 0
2236 0
2239 0
2241 0
2243 0
2245 0
2247 0
2249 0
2251 0
2253 0
2255 0
2257 0
2259 0
2261 0
2263 0
2265 0
2267 0
2269 0
2272 0
2274 0
2276 0
2278 0
2280 0
2282 0
2284 0
2286 0
2288 0
2290 0
2292 0
2294 0
2296 0
2298 0
2300 0
2302 0
2305 0
2307 0
2309 0
2311 0
2313 0
2315 0
2317 0
2319 0
2321 0
2323 0
2325 0
2327 0
2329 0
2331 0
2333 0
2336 0
2338 0
2340 0
2342 0
2344 0
2346 0
2348 0
2350 0
2352 0
2354 0
2356 0
2358 0
2360 0
2362 0
2364 0
2366 0
2369 0
2371 0
2373 0
2375 0
2377 0
2379 0
2381 0
2383 0
2385 0
2387 0
2389 0
2391 0
2393 0
2395 0
2397 0
2399 0
2402 0
2404 0
2406 0
2408 0
2410 0
2412 0
2414 0
2416 0
2418 0
2420 0
2422 0
2424 0
2426 0
2428 0
2430 0
2433 0
2435 0
2437 0
2439 0
2441 0
2443 0
2445 0
2447 0
2449 0
2451 0
2453 0
2455 0
2457 0
2459 0
2461 0
2463 0
2466 0
2468 0
2470 0
2472 0
2474 0
2476 0
2478 0
2480 0
2482 0
2484 0
2486 0
2488 0
2490 0
2492 0
2494 0
2496 0
2499 0
2501 0
2503 0
2505 0
2507 0
2509 0
2511 0
2513 0
2515 0
2517 0
2519 0
2521 0
2523 0
2525 0
2527 0
2530 0
2532 0
2534 0
2536 0
2538 0
2540 0
2542 0
2544 0
2546 0
2548 0
2550 0
2552 0
2554 0
2556 0
2558 0
2560 0
2563 0
2565 0
2567 0
2569 0
2571 0
2573 0
2575 0
2577 0
2579 0
2581 0
2583 0
2585 0
2587 0
2589 0
2591 0
2593 0
2596 0
2598 0
2600 0
2602 0
2604 0
2606 0
2608 0
2610 0
2612 0
2614 0
2616 0
2618 0
2620 0
2622 0
2624 0
2627 0
2629 0
2631 0
2633 0
2635 0
2637 0
2639 0
2641 0
2643 0
2645 0
2647 0
2649 0
2651 0
2653 0
2655 0
2657 0
2660 0
2662 0
2664 0
2666 0
2668 0
2670 0
2672 0
2674 0
2676 0
2678 0
2680 0
2682 0
2684 0
2686 0
2688 0
2690 0
2693 0
2695 0
2697 0
2699 0
2701 0
2703 0
2705 0
2707 0
2709 0
2711 0
2713 0
2715 0
2717 0
2719 0
2721 0
2724 0
2726 0
2728 0
2730 0
2732 0
2734 0
2736 0
2738 0
2740 0
2742 0
2744 0
2746 0
2748 0
2750 0
2752 0
2754 0
2757 0
2759 0
2761 0
2763 0
2765 0
2767 0
2769 0
2771 0
2773 0
2775 0
2777 0
2779 0
2781 0
2783 0
2785 0
2787 0
2790 0
2792 0
2794 0
2796 0
2798 0
2800 0
2802 0
2804 0
2806 0
2808 0
2810 0
2812 0
2814 0
2816 0
2818 0
2820 0
2823 0
2825 0
2827 0
2829 0
2831 0
2833 0
2835 0
2837 0
2839 0
2841 0
2843 0
2845 0
2847 0
2849 0
2851 0
2854 0
2856 0
2858 0
2860 0
2862 0
2864 0
2866 0
2868 0
2870 0
2872 0
2874 0
2876 0
2878 
