0 0.260548955
2 0.26628431
4 0.273248669
6 0.27734535
8 0.278574355
10 0.291683736
12 0.2998771
15 0.303973781
17 0.30643179
19 0.314215485
21 0.320360508
23 0.326505531
25 0.332240885
27 0.337976239
29 0.345759934
31 0.348627612
33 0.354362966
35 0.359688652
37 0.362556329
39 0.364195002
41 0.372798034
43 0.377714052
45 0.381810733
48 0.387546088
50 0.391233101
52 0.396149119
54 0.403113478
56 0.409668169
58 0.415403523
60 0.419090537
62 0.423596887
64 0.426054896
66 0.4272839
68 0.430561245
70 0.437525604
72 0.444080295
74 0.449405981
76 0.452683327
79 0.457189676
81 0.458009013
83 0.463744367
85 0.468250717
87 0.47193773
89 0.478902089
91 0.48545678
93 0.488734125
95 0.488734125
97 0.492830807
99 0.499795166
101 0.50553052
103 0.506759525
105 0.507988529
107 0.515362556
109 0.521097911
112 0.52355592
114 0.52355592
116 0.525194592
118 0.526833265
120 0.535436297
122 0.540761983
124 0.543219992
126 0.546907005
128 0.548955346
130 0.553871364
132 0.555919705
134 0.560016387
136 0.562884064
138 0.567390414
140 0.5727161
142 0.578041786
145 0.580909463
147 0.582138468
149 0.585006145
151 0.589512495
153 0.593199508
155 0.594838181
157 0.593199508
159 0.593609177
161 0.600573535
163 0.608357231
165 0.612453912
167 0.613273249
169 0.612453912
171 0.615731258
173 0.620647276
175 0.623105285
178 0.627611635
180 0.628840639
182 0.632937321
184 0.637443671
186 0.639492011
188 0.640721016
190 0.642359689
192 0.645227366
194 0.649324048
196 0.650553052
198 0.653011061
200 0.656698075
202 0.660385088
204 0.661204424
206 0.664072102
208 0.669397788
210 0.673084801
212 0.675952478
215 0.675952478
217 0.674723474
219 0.677591151
221 0.682916837
223 0.68455551
225 0.682916837
227 0.686194183
229 0.688652192
231 0.689881196
233 0.692748873
235 0.69807456
237 0.701351905
239 0.702580909
241 0.703809914
243 0.707906596
245 0.709545268
248 0.712822614
250 0.716099959
252 0.717328964
254 0.720196641
256 0.723064318
258 0.725931995
260 0.725522327
262 0.727161
264 0.730028677
266 0.731667349
268 0.730028677
270 0.732896354
272 0.737402704
274 0.741499385
276 0.744367063
278 0.744367063
281 0.745596067
283 0.746415404
285 0.747644408
287 0.749692749
289 0.752970094
291 0.754199099
293 0.757066776
295 0.75829578
297 0.759524785
299 0.761163458
301 0.765260139
303 0.768127816
305 0.767718148
307 0.770585825
309 0.772224498
311 0.773043834
314 0.773453503
316 0.775092175
318 0.775911512
320 0.777140516
322 0.780008193
324 0.780008193
326 0.781646866
328 0.784514543
330 0.78738222
332 0.78738222
334 0.790249898
336 0.793117575
338 0.794346579
340 0.794756247
342 0.795985252
344 0.800081934
347 0.801720606
349 0.802949611
351 0.804178615
353 0.80540762
355 0.805817288
357 0.807455961
359 0.809094633
361 0.80991397
363 0.811552642
365 0.814010651
367 0.814010651
369 0.815649324
371 0.816878329
373 0.818107333
375 0.82097501
377 0.823842687
380 0.823842687
382 0.823842687
384 0.824252356
386 0.82548136
388 0.828349037
390 0.830807046
392 0.832445719
394 0.833265055
396 0.833674723
398 0.834903728
400 0.837361737
402 0.837361737
404 0.837361737
406 0.838590741
408 0.840229414
411 0.843097091
413 0.844735764
415 0.845964769
417 0.847603441
419 0.847603441
421 0.848832446
423 0.850471118
425 0.851700123
427 0.851700123
429 0.853338796
431 0.854158132
433 0.855387136
435 0.856616141
437 0.858254814
439 0.859483818
441 0.859483818
444 0.861122491
446 0.861122491
448 0.861122491
450 0.862351495
452 0.863990168
454 0.865628841
456 0.867267513
458 0.868496518
460 0.869725522
462 0.871364195
464 0.8725932
466 0.873412536
468 0.873822204
470 0.873822204
472 0.875460877
475 0.875460877
477 0.876689881
479 0.876689881
481 0.878328554
483 0.879557558
485 0.881196231
487 0.882425236
489 0.884063908
491 0.885292913
493 0.886521917
495 0.887750922
497 0.88816059
499 0.889389594
501 0.889389594
503 0.890618599
505 0.890618599
508 0.891847603
510 0.891847603
512 0.891847603
514 0.891847603
516 0.893486276
518 0.895124949
520 0.895124949
522 0.896353953
524 0.897582958
526 0.89922163
528 0.900450635
530 0.902089308
532 0.903318312
534 0.90372798
536 0.90372798
538 0.903318312
541 0.904956985
543 0.904956985
545 0.906185989
547 0.907414994
549 0.909053667
551 0.909053667
553 0.908643998
555 0.910282671
557 0.910282671
559 0.911921344
561 0.913150348
563 0.913150348
565 0.914379353
567 0.914789021
569 0.916018025
572 0.917656698
574 0.917656698
576 0.918066366
578 0.918885703
580 0.919295371
582 0.919295371
584 0.920114707
586 0.920114707
588 0.922982384
590 0.922982384
592 0.922982384
594 0.924621057
596 0.92625973
598 0.925850061
600 0.925850061
602 0.92625973
605 0.92625973
607 0.927488734
609 0.928717739
611 0.929537075
613 0.929946743
615 0.929946743
617 0.931175748
619 0.931585416
621 0.931585416
623 0.93281442
625 0.93281442
627 0.93281442
629 0.93281442
631 0.933224088
633 0.93281442
636 0.934453093
638 0.935682098
640 0.935272429
642 0.936911102
644 0.936911102
646 0.938140107
648 0.938140107
650 0.938140107
652 0.938140107
654 0.938140107
656 0.939778779
658 0.939778779
660 0.939778779
662 0.939778779
664 0.941007784
666 0.941007784
669 0.942646456
671 0.942646456
673 0.943875461
675 0.943875461
677 0.945514134
679 0.945514134
681 0.943875461
683 0.945514134
685 0.945514134
687 0.94633347
689 0.947152806
691 0.946743138
693 0.948381811
695 0.950020483
697 0.950020483
699 0.948381811
702 0.949610815
704 0.950020483
706 0.951249488
708 0.951249488
710 0.951249488
712 0.951249488
714 0.951249488
716 0.952068824
718 0.952068824
720 0.953707497
722 0.953707497
724 0.953707497
726 0.954936501
728 0.954936501
730 0.954936501
732 0.956165506
735 0.956165506
737 0.956575174
739 0.957804179
741 0.95739451
743 0.957804179
745 0.957804179
747 0.957804179
749 0.959033183
751 0.959033183
753 0.959033183
755 0.959033183
757 0.958623515
759 0.960262188
761 0.960262188
763 0.960262188
766 0.96190086
768 0.963129865
770 0.963539533
772 0.963129865
774 0.963129865
776 0.963129865
778 0.963539533
780 0.963539533
782 0.965178206
784 0.965178206
786 0.965178206
788 0.965178206
790 0.965178206
792 0.965178206
794 0.964768537
796 0.96640721
799 0.96640721
801 0.96640721
803 0.967636215
805 0.967636215
807 0.967636215
809 0.967636215
811 0.967636215
813 0.967636215
815 0.967636215
817 0.968865219
819 0.968865219
821 0.968865219
823 0.968865219
825 0.968865219
827 0.970094224
829 0.970094224
832 0.970094224
834 0.970094224
836 0.970094224
838 0.970094224
840 0.970094224
842 0.971323228
844 0.971732896
846 0.971732896
848 0.971323228
850 0.971323228
852 0.971732896
854 0.972961901
856 0.972961901
858 0.972961901
860 0.972961901
863 0.972961901
865 0.972961901
867 0.972961901
869 0.973371569
871 0.974600574
873 0.974600574
875 0.974600574
877 0.974190905
879 0.974600574
881 0.974600574
883 0.974600574
885 0.974190905
887 0.975829578
889 0.975829578
891 0.975829578
893 0.975829578
896 0.976239246
898 0.976239246
900 0.976239246
902 0.976239246
904 0.976648914
906 0.976648914
908 0.977468251
910 0.977877919
912 0.977468251
914 0.977877919
916 0.977468251
918 0.977468251
920 0.978697255
922 0.978697255
924 0.978697255
926 0.978697255
929 0.978697255
931 0.978697255
933 0.978697255
935 0.978697255
937 0.978697255
939 0.978697255
941 0.979106923
943 0.980335928
945 0.97992626
947 0.97992626
949 0.980335928
951 0.980335928
953 0.980335928
955 0.980335928
957 0.980335928
960 0.97992626
962 0.981564932
964 0.981974601
966 0.981974601
968 0.981564932
970 0.981974601
972 0.981564932
974 0.981564932
976 0.981564932
978 0.981974601
980 0.983203605
982 0.981974601
984 0.981564932
986 0.983203605
988 0.983203605
990 0.983203605
993 0.982793937
995 0.983203605
997 0.983203605
999 0.983203605
1001 0.98443261
1003 0.98443261
1005 0.98443261
1007 0.98443261
1009 0.98443261
1011 0.98443261
1013 0.98443261
1015 0.98443261
1017 0.98443261
1019 0.985661614
1021 0.985661614
1023 0.985661614
1026 0.985661614
1028 0.985661614
1030 0.985661614
1032 0.985661614
1034 0.985661614
1036 0.987300287
1038 0.985661614
1040 0.985661614
1042 0.985661614
1044 0.986890619
1046 0.986890619
1048 0.985661614
1050 0.986890619
1052 0.986890619
1054 0.987300287
1057 0.986890619
1059 0.986890619
1061 0.987300287
1063 0.986890619
1065 0.986890619
1067 0.986890619
1069 0.986890619
1071 0.986890619
1073 0.986890619
1075 0.986890619
1077 0.986890619
1079 0.988119623
1081 0.988119623
1083 0.988119623
1085 0.988119623
1087 0.988529291
1090 0.988119623
1092 0.988119623
1094 0.988529291
1096 0.988119623
1098 0.988529291
1100 0.988529291
1102 0.988529291
1104 0.988119623
1106 0.988529291
1108 0.988529291
1110 0.988529291
1112 0.988529291
1114 0.988529291
1116 0.988529291
1118 0.988529291
1120 0.988529291
1123 0.988529291
1125 0.988529291
1127 0.988119623
1129 0.988529291
1131 0.988529291
1133 0.988529291
1135 0.988529291
1137 0.988529291
1139 0.988529291
1141 0.988529291
1143 0.988529291
1145 0.989758296
1147 0.989758296
1149 0.990167964
1151 0.989758296
1154 0.989758296
1156 0.990167964
1158 0.989758296
1160 0.989758296
1162 0.989758296
1164 0.989758296
1166 0.989758296
1168 0.989758296
1170 0.989758296
1172 0.989758296
1174 0.989758296
1176 0.990167964
1178 0.989758296
1180 0.989758296
1182 0.989758296
1184 0.989758296
1187 0.989758296
1189 0.990167964
1191 0.989758296
1193 0.990167964
1195 0.990167964
1197 0.990167964
1199 0.991396968
1201 0.990167964
1203 0.990167964
1205 0.991396968
1207 0.991396968
1209 0.989758296
1211 0.991396968
1213 0.991396968
1215 0.991396968
1217 0.991396968
1220 0.991396968
1222 0.991396968
1224 0.991396968
1226 0.991396968
1228 0.991396968
1230 0.991396968
1232 0.991396968
1234 0.991396968
1236 0.992216305
1238 0.991396968
1240 0.991396968
1242 0.991396968
1244 0.991806637
1246 0.991396968
1248 0.991396968
1251 0.991396968
1253 0.993035641
1255 0.991396968
1257 0.991396968
1259 0.992625973
1261 0.992625973
1263 0.992625973
1265 0.992625973
1267 0.991806637
1269 0.991396968
1271 0.993035641
1273 0.993035641
1275 0.993035641
1277 0.992625973
1279 0.993035641
1281 0.993035641
1284 0.992625973
1286 0.993035641
1288 0.992625973
1290 0.992625973
1292 0.992625973
1294 0.993035641
1296 0.993035641
1298 0.993035641
1300 0.992625973
1302 0.992625973
1304 0.993035641
1306 0.992625973
1308 0.992625973
1310 0.993035641
1312 0.992625973
1315 0.992625973
1323 0.992625973
1325 0.992625973
1327 0.993035641
1329 0.993035641
1331 0.993035641
1333 0.993035641
1335 0.993035641
1337 0.993035641
1339 0.993035641
1341 0.993035641
1343 0.993035641
1345 0.993035641
1347 0.993035641
1349 0.992216305
1351 0.992625973
1354 0.993854977
1356 0.993035641
1358 0.992625973
1360 0.992625973
1362 0.992625973
1364 0.992625973
1366 0.992625973
1368 0.992625973
1370 0.992625973
1372 0.992625973
1374 0.992625973
1376 0.992625973
1378 0.992625973
1380 0.992625973
1382 0.992625973
1384 0.993035641
1387 0.992625973
1389 0.992625973
1391 0.992625973
1393 0.992625973
1395 0.993854977
1397 0.994264646
1399 0.993854977
1401 0.993854977
1403 0.994264646
1405 0.994264646
1407 0.994264646
1409 0.992625973
1411 0.994264646
1413 0.994264646
1415 0.993854977
1417 0.993854977
1420 0.993854977
1422 0.993854977
1424 0.994264646
1426 0.994264646
1428 0.994264646
1430 0.993854977
1432 0.994264646
1434 0.994264646
1436 0.994264646
1438 0.994264646
1440 0.993854977
1442 0.994264646
1444 0.994264646
1446 0.994264646
1448 0.994264646
1451 0.994264646
1453 0.994264646
1455 0.994264646
1457 0.994264646
1459 0.994264646
1461 0.993854977
1463 0.994264646
1465 0.994264646
1467 0.994264646
1469 0.994264646
1471 0.994264646
1473 0.99549365
1475 0.994264646
1477 0.994264646
1479 0.994264646
1481 0.994264646
1484 0.994264646
1486 0.993854977
1488 0.994264646
1490 0.994264646
1492 0.993854977
1494 0.993854977
1496 0.994264646
1498 0.993854977
1500 0.994264646
1502 0.993854977
1504 0.994264646
1506 0.993854977
1508 0.994264646
1510 0.994264646
1512 0.99549365
1514 0.99549365
1517 0.99549365
1519 0.994264646
1521 0.994264646
1523 0.994264646
1525 0.994264646
1527 0.994264646
1529 0.994264646
1531 0.994264646
1533 0.994264646
1535 0.994264646
1537 0.994264646
1539 0.99549365
1541 0.99549365
1543 0.995903318
1545 0.995903318
1548 0.995903318
1550 0.99549365
1552 0.99549365
1554 0.995903318
1556 0.99549365
1558 0.99549365
1560 0.99549365
1562 0.995903318
1564 0.99549365
1566 0.995903318
1568 0.99549365
1570 0.99549365
1572 0.995903318
1574 0.99549365
1576 0.995083982
1578 0.99549365
1581 0.99549365
1583 0.994264646
1585 0.99549365
1587 0.99549365
1589 0.99549365
1591 0.99549365
1593 0.99549365
1595 0.99549365
1597 0.99549365
1599 0.995903318
1601 0.995903318
1603 0.99549365
1605 0.995903318
1607 0.995903318
1609 0.99549365
1611 0.99549365
1614 0.99549365
1616 0.995903318
1618 0.99549365
1620 0.99549365
1622 0.99549365
1624 0.99549365
1626 0.995903318
1628 0.99549365
1630 0.99549365
1632 0.995903318
1634 0.99549365
1636 0.995903318
1638 0.995903318
1640 0.99549365
1642 0.99549365
1645 0.995903318
1647 0.995903318
1649 0.99549365
1651 0.995903318
1653 0.995903318
1655 0.995903318
1657 0.99549365
1659 0.99549365
1661 0.995903318
1663 0.995903318
1665 0.99549365
1667 0.99549365
1669 0.99549365
1671 0.99549365
1673 0.99549365
1675 0.99549365
1678 0.99549365
1680 0.99549365
1682 0.99549365
1684 0.99549365
1686 0.99549365
1688 0.99549365
1690 0.99549365
1692 0.99549365
1694 0.99549365
1696 0.99549365
1698 0.99549365
1700 0.99549365
1702 0.99549365
1704 0.99549365
1706 0.995903318
1708 0.99549365
1711 0.99549365
1713 0.99549365
1715 0.995903318
1717 0.995903318
1719 0.99549365
1721 0.996312986
1723 0.99549365
1725 0.995903318
1727 0.99549365
1729 0.99549365
1731 0.995903318
1733 0.995903318
1735 0.99549365
1737 0.99549365
1739 0.99549365
1742 0.99549365
1744 0.99549365
1746 0.99549365
1748 0.995903318
1750 0.995903318
1752 0.99549365
1754 0.995903318
1756 0.995903318
1758 0.99549365
1760 0.995903318
1762 0.995903318
1764 0.995903318
1766 0.995903318
1768 0.995903318
1770 0.995903318
1772 0.99549365
1775 0.995903318
1777 0.99549365
1779 0.99549365
1781 0.995903318
1783 0.99549365
1785 0.99549365
1787 0.99549365
1789 0.99549365
1791 0.99549365
1793 0.99549365
1795 0.99549365
1797 0.995903318
1799 0.99549365
1801 0.99549365
1803 0.995903318
1805 0.99549365
1808 0.995903318
1810 0.99549365
1812 0.995903318
1814 0.99549365
1816 0.99549365
1818 0.995903318
1820 0.99549365
1822 0.99549365
1824 0.997132323
1826 0.99549365
1828 0.99549365
1830 0.99549365
1832 0.99549365
1834 0.995903318
1836 0.99549365
1839 0.99549365
1841 0.995903318
1843 0.99549365
1845 0.99549365
1847 0.995903318
1849 0.99549365
1851 0.99549365
1853 0.99549365
1855 0.99549365
1857 0.99549365
1859 0.99549365
1861 0.99549365
1863 0.995903318
1865 0.99549365
1867 0.99549365
1869 0.99549365
1872 0.99549365
1874 0.99549365
1876 0.99549365
1878 0.995903318
1880 0.99549365
1882 0.99549365
1884 0.99549365
1886 0.99549365
1888 0.99549365
1890 0.99549365
1892 0.99549365
1894 0.99549365
1896 0.99549365
1898 0.99549365
1900 0.99549365
1902 0.99549365
1905 0.99549365
1907 0.99549365
1909 0.99549365
1911 0.99549365
1913 0.995083982
1915 0.99549365
1917 0.99549365
1919 0.99549365
1921 0.99549365
1923 0.99549365
1925 0.997132323
1927 0.997132323
1929 0.997132323
1931 0.997132323
1933 0.997132323
1936 0.997132323
1938 0.997132323
1940 0.997132323
1942 0.997132323
1944 0.996722655
1946 0.997132323
1948 0.997132323
1950 0.996722655
1952 0.997132323
1954 0.997132323
1956 0.997132323
1958 0.997132323
1960 0.997132323
1962 0.997132323
1964 0.997132323
1966 0.997132323
1969 0.997132323
1971 0.997132323
1973 0.997132323
1975 0.997132323
1977 0.997132323
1979 0.997132323
1981 0.997132323
1983 0.997132323
1985 0.997132323
1987 0.996722655
1989 0.996722655
1991 0.996722655
1993 0.996722655
1995 0.997132323
1997 0.997132323
1999 0.997132323
2002 0.996722655
2004 0.996722655
2006 0.997132323
2008 0.997132323
2010 0.997132323
2012 0.997132323
2014 0.997132323
2016 0.997132323
2018 0.997132323
2020 0.997132323
2022 0.997132323
2024 0.997132323
2026 0.997132323
2028 0.997132323
2030 0.997132323
2033 0.997132323
2035 0.997132323
2037 0.997132323
2039 0.997132323
2041 0.997132323
2043 0.997132323
2045 0.997132323
2047 0.996722655
2049 0.997132323
2051 0.996722655
2053 0.997541991
2055 0.997132323
2057 0.997132323
2059 0.997132323
2061 0.997132323
2063 0.997132323
2066 0.997132323
2068 0.997132323
2070 0.997132323
2072 0.997132323
2074 0.997132323
2076 0.998361327
2078 0.997132323
2080 0.997132323
2082 0.997132323
2084 0.997132323
2086 0.997132323
2088 0.997132323
2090 0.997541991
2092 0.997132323
2094 0.997132323
2096 0.997132323
2099 0.997132323
2101 0.997132323
2103 0.997132323
2105 0.997132323
2107 0.997132323
2109 0.997132323
2111 0.997132323
2113 0.997132323
2115 0.997132323
2117 0.997132323
2119 0.997132323
2121 0.997132323
2123 0.997132323
2125 0.997132323
2127 0.996722655
2130 0.997132323
2132 0.997132323
2134 0.997132323
2136 0.997132323
2138 0.997132323
2140 0.997132323
2142 0.997132323
2144 0.997132323
2146 0.998361327
2148 0.998770995
2150 0.998361327
2152 0.998770995
2154 0.998770995
2156 0.998770995
2158 0.998770995
2160 0.998770995
2163 0.997951659
2165 0.997132323
2167 0.997132323
2169 0.998770995
2171 0.998770995
2173 0.997541991
2183 0.998361327
2185 0.998770995
2187 0.998770995
2189 0.998770995
2191 0.998770995
2193 0.998770995
2195 0.998770995
2197 0.998770995
2199 0.998770995
2201 0.997541991
2203 0.997132323
2205 0.998770995
2207 0.998770995
2209 0.998361327
2211 0.997541991
2214 0.998361327
2216 0.998770995
2218 0.998770995
2220 0.998770995
2222 0.998770995
2224 0.998770995
2226 0.998770995
2228 0.998770995
2230 0.998770995
2232 0.997132323
2234 0.998770995
2236 0.998770995
2238 0.998770995
2240 0.998770995
2242 0.998770995
2244 0.998770995
2247 0.998770995
2249 0.998361327
2251 0.998361327
2253 0.998770995
2255 0.998770995
2257 0.998770995
2259 0.998770995
2261 0.998770995
2263 0.998770995
2265 0.998770995
2267 0.998770995
2269 0.998770995
2271 0.998770995
2273 0.998770995
2275 0.998361327
2277 0.998361327
2280 0.998361327
2282 0.998770995
2284 0.998361327
2286 0.998770995
2288 0.998361327
2290 0.998361327
2292 0.998770995
2294 0.998361327
2296 0.998361327
2298 0.998361327
2300 0.998361327
2302 0.998361327
2304 0.998770995
2306 0.998361327
2308 0.998361327
2310 0.998361327
2313 0.998361327
2315 0.998361327
2317 0.998361327
2319 0.998361327
2321 0.998770995
2323 0.998361327
2325 0.998770995
2327 0.998770995
2329 0.998770995
2331 0.998770995
2333 0.998770995
2335 0.998770995
2337 0.998770995
2339 0.998770995
2341 0.998770995
2344 0.998361327
2346 0.998361327
2348 0.998361327
2350 0.998361327
2352 0.998770995
2354 0.998770995
2356 0.998770995
2358 0.998361327
2360 0.998770995
2362 0.998770995
2364 0.998770995
2366 0.998770995
2368 0.998770995
2370 0.998770995
2372 0.998770995
2374 0.998770995
2377 0.998770995
2379 0.998770995
2381 0.998770995
2383 0.998770995
2385 0.998770995
2387 0.998770995
2389 0.998361327
2391 0.998361327
2393 0.998770995
2395 0.998770995
2397 0.998770995
2399 0.998770995
2401 0.998770995
2403 0.998770995
2405 0.998361327
2407 0.998361327
2410 0.998361327
2412 0.998361327
2414 0.998361327
2416 0.998361327
2418 0.998361327
2420 0.998361327
2422 0.998361327
2424 0.998770995
2426 0.998361327
2428 0.998361327
2430 0.998361327
2432 0.998361327
2434 0.998361327
2436 0.998361327
2438 0.998361327
2441 0.998361327
2443 0.998770995
2445 0.998361327
2447 0.998361327
2449 0.998770995
2451 0.998361327
2453 0.998361327
2455 0.998361327
2457 0.998770995
2459 0.998770995
2461 0.998770995
2463 0.998770995
2465 0.998770995
2467 0.998770995
2469 0.998361327
2471 0.998770995
2474 0.998770995
2476 0.998770995
2478 0.998770995
2480 0.998361327
2482 0.998361327
2484 0.998361327
2486 0.998361327
2488 0.998361327
2490 0.998361327
2492 0.998361327
2494 0.998361327
2496 0.998361327
2498 0.998361327
2500 0.998361327
2502 0.998770995
2504 0.998770995
2507 0.998770995
2509 0.998361327
2511 0.998770995
2513 0.998770995
2515 0.998361327
2517 0.998361327
2519 0.998361327
2521 0.998361327
2523 0.998361327
2525 0.998361327
2527 0.998361327
2529 0.998361327
2531 0.998361327
2533 0.998770995
2535 0.998770995
2538 0.998361327
2540 0.998770995
2542 0.998361327
2544 0.998361327
2546 0.998361327
2548 0.998361327
2550 0.998361327
2552 0.998361327
2554 0.998361327
2556 0.998361327
2558 0.998361327
2560 0.998361327
2562 0.998361327
2564 0.998361327
2566 0.998361327
2568 0.998361327
2571 0.998361327
2573 0.998361327
2575 0.998361327
2577 0.998361327
2579 0.998361327
2581 0.998361327
2583 0.998361327
2585 0.998361327
2587 0.998361327
2589 0.998361327
2591 0.998361327
2593 0.998361327
2595 0.998361327
2597 0.998361327
2599 0.998361327
2602 0.998770995
2604 0.998361327
2606 0.998770995
2608 0.998770995
2610 0.998361327
2612 0.998770995
2614 0.998361327
2616 0.998361327
2618 0.998361327
2620 0.998770995
2622 0.998770995
2624 0.998770995
2626 0.998770995
2628 0.998770995
2630 0.998770995
2632 0.998770995
2635 0.998770995
2637 0.998770995
2639 0.998770995
2641 0.998770995
2643 0.998770995
2645 0.998770995
2647 0.998770995
2649 0.998770995
2651 0.998770995
2653 0.998770995
2655 0.998770995
2657 0.998770995
2659 0.998770995
2661 0.998361327
2663 0.998361327
2665 0.998361327
2668 0.998361327
2670 0.998361327
2672 0.998361327
2674 0.998770995
2676 0.998361327
2678 0.998361327
2680 0.998361327
2682 0.998361327
2684 0.998361327
2686 0.998361327
2688 0.998361327
2690 0.998361327
2692 0.998361327
2694 0.998770995
2696 0.998770995
2698 0.998770995
2701 0.998361327
2703 0.998770995
2705 0.998361327
2707 0.998770995
2709 0.998770995
2711 0.998770995
2713 0.998770995
2715 0.998770995
2717 0.998770995
2719 0.998770995
2721 0.998770995
2723 0.998770995
2725 0.998770995
2727 0.998770995
2729 0.998361327
2732 0.998770995
2734 0.998770995
2736 0.998361327
2738 0.998770995
2740 0.998361327
2742 0.998770995
2744 0.998361327
2746 0.998361327
2748 1
2750 1
2752 0.998361327
2754 1
2756 1
2758 1
2760 0.998361327
2762 0.998770995
2765 0.998361327
2767 1
2769 1
2771 1
2773 1
2775 1.000409668
2777 0.998770995
2779 0.998770995
2781 1
2783 1.000409668
2785 1.000409668
2787 1
2789 1.000409668
2791 1
2793 1
